$ANSIBLE_VAULT;1.1;AES256
36653133643133313530653231333036303165306135643636363535376331626461383634373739
3437663936393165373739356233363230346565616462310a346336636462623438633038343239
64393563663636323861336662393963396462346330643166376363646533303339306437646430
3338326231386431650a333133316263643230353362393734646133373566636635393535303130
39303964326466303230663235663465336661333365366631663534353437633736323265313737
33373236353934356534306262393065306265656665333035313361633662363837366534353137
63396538323566656139373438343334646230396364313061356366616330656162653534653066
34313663643361306666633132656136343838366331636135383033343864366433313866316433
33336164646232653833623961306237633337336232373132663865343837333064383837636130
32343030666631643032396630333830346263373037636538346338313432393664313233613830
38323366376164613765333231626164363961336638663366623532373831326463313538356635
36326338653639633930653363366266336134613939303932666536633330333734646438356435
36353266356265326531373538643437303037363763623739663763323562326638626261613163
66343263363263616233656631333933336634363137353533623436653665646463323663303863
38363734353765663361343464613636623635656236383539623734376531313563626139613735
35343434366230383634356532393562653533663065306139383634656134636437616430373863
39313838636362323138643138313165316361666664326234396437356362393434616664356636
66353331666531343838353236386265373034313534353862313734313830373232623166366338
34653333656263626263396339656534303233653562653866396231653830663162393630303065
63653835623835613661313433333661373437663730303731613432643336616431356466623862
36356239333637333032383038646138646639393662393536366363373537336332303034343638
64396638313961373565396538333432333336383463306666333836383739346235333233376632
64393437383734303662636365626137343362303030616361383166643862373433346334373461
38393332646163356438656462326466323835656461616561396633356136306332623433623933
38643561663835623939343238346130343637386338623866363836613737336233
